ConvNeXt V1 vs V2 비교 (LARGE)
==================================================

[V1]
  params: 197.767336
  throughput: 203.33998548788165
  paper_top1: 84.3
  top1: 84.16799999999999
  top5: 96.842

[V2]
  params: 197.95684
  throughput: 153.6973404567947
  paper_top1: 85.5
  top1: 85.56200000000001
  top5: 97.55
